-27
78
-28
61
0000000000000000000000000000000000000000000000000000000000000000000000000000000000000000000000000000000000
0000000000000000000000000000000000000000000000000000000000000222222222222000000000000000000000000000000000
0000000000000000000000000000222222222222222200000000002222222222222222222222200000000000000002222222220000
0000000000000000000000022222222222222222222222222222222222222222222222222222220002222000000222222222222000
0000000000000000000002222222222222222222222222222222222222222222222222222222222222222222222222222222222200
0000000000000000000222222222222222222222222222222222222222222222222222222222222222222222222222222222222200
0000000000000000002222222222222222222222222222222222222222222222222222222222222222222222222222222222222200
0000000000000000022222221122122221221222222222222222222222222222222222222222222222222222222222222222222200
0000000000000000022222211111111111111222222222211111111112222222211111111222222222222222222111111122222200
0000000000000000222221111111111111111222222222111111111112222211111111111222222222222222222111111222222200
0000000000000002222211111111111111112222222221111111111112222111111111111222221111111222221111111222222200
0000000000000002222211111111111111222222222211111111111112222111111111111222211111111222211111111222222200
0000000000000022222111111111111112222222222111111111111111111111111111111222111111111111111111111222222200
0000000000000222221111111222111112222222221111111111111111111111111111111111111111111111111111111222222200
0000000000000222222211221222111112222222221111111111111111111111111111111111111111111111111111111222222200
0000000000000222222211221222111112222222211111111111111111111111111111111111111111111111111111111222222200
0000000000002222222111111122111111222221111111111111111111111111111111111111111111111111111111111222222200
0000000000022222221112211122111112222221111111111111111112211111111111111111111111111111111111111222222200
0000000000022222211112222111221112222221111111111111111222222221111111111111111111111111222111111222222200
0000000000222222112211222122221112222221111111111111112222222222111111111111111111111112222111111222222220
0000000000222221112221222122211112222221111111111111122222222222211111111111111111111122221111111222222220
0000000000222211112221111122211112222222111111111111122222222222222111111111112212211122221111111222222220
0000000000222211111111111111122222222221111111111111122222222222222222222222122222221222222211111222222200
0000000000222211111111111122222222222221111111111111122222222222222222222222222222222222222211111222222200
0000000002222211111111111222222222222221111111111111111112222222222222222222222222222222222111111222222200
0000000002222211111111111222222222222211111111111111111112222222222222222222222222222222221221111222222000
0000000002222222222222211222222222222111111111111111111112222222222222222222222222222222222222222222220000
0000000002222222222222211222222222221111111111111111111112222222222222222222222222000222222222222222220000
0000000000222222222222211111112222211111111111111111111111111111111222222211122222000022222222222222000000
0000000000222222222222211111111222112211111111111111111111111111111112222211122222000000222222222200000000
0000000000022222222222221111111222222221111111111111111111111111111112222111122222000000002222220000000000
0000000000000222222222222111111112222222111111111111111111111111111112221111122222000000000000000000000000
0000000000000000222222222111111111222222111111111111111111111111111111211111122222000000000000000000000000
0000000000000000000222222122211112222222111111111111111111111111111111111111122222000000000000000000000000
0000000000000000000222221122221112222222111111111111111111111111111111111111122222000000000000000000000000
0000000000000000000222221122221111222221111111111111111111111111111111111111122222000000000000000000000000
0000000000000000002222211222221111122111111111111111111111111111111111111122222222000000000000000000000000
0000000000000000002222111222211111222111111111111111111111111111111111111122222222000000000000000000000000
0000000000000000002222122222111111222222211111111111111111111111111111111122222222000000000000000000000000
0000000000000000002222222222221111222222211111111111111111111111111111111111122222000000000000000000000000
0000000000000000002222122222221111122221111111111111111111111111111111111111122222200000000000000000000000
0000000000000000002222122221221111111111111111111111111111111111111111111111122222200000000000000000000000
0000000000000000002222211112222222222222222211112222111111111111111111111111222222200000000000000000000000
0000000000000000002222222222222222222222222222122222111111111111111111122222222222000000000000000000000000
0000000000000000002222222222222222222222222222222221111111111111111111222222222222000000000000000000000000
0000000000000000000222222222222222222222222222222211111111111111111112222222222222000000000000000000000000
0000000000000000000002222222222222222222222222222111111111111111111112222222222222000000000000000000000000
0000000000000000000000222222122222221222122222221111111111111111111112222222222222000000000000000000000000
0000000000000000000000222221122222211111112222211111111111111111111111111111122222000000000000000000000000
0000000000000000000000222211122222211111122222211111111111111111111111111111122220000000000000000000000000
0000000000000000000002222211122222111111122222111111111111111111111111111112222220000000000000000000000000
0000000000000000000022222111122211111111122221111111111111111111111111111122222220000000000000000000000000
0000000000000000000222222111111111111111111111111111111111111111111111111222222222000000000000000000000000
0000000000000000000222222111111111111111111111111111111111111111111111111222222222000000000000000000000000
0000000000000000222222221111111111111111111111122222111111111111111111111222222222000000000000000000000000
0000000000222222222222221111111111111111111111222222111111111111111111111222222222000000000000000000000000
0000000000211222222222211111111111111111111111222221111111111111111111111111222222000000000000000000000000
0000000002211222222222211111111111111111111112222222111111111111111111111111122222200000000000000000000000
0000000022111222222222111111111111111111111122222222111111111111111111111111122222200000000000000000000000
0002222221111222222221111111111111111111112222222221111111111111111111111111122222200000000000000000000000
0022122211111111111111111111111111111111112222222211111111111111111111111111112222200000000000000000000000
0221111111111111111111111111111111111111122222222221111111111111111111111111122222200000000000000000000000
0222111111111111111122211111111111111111122222222222111111112221111111111111122222200000000000000000000000
0222111111111111111222211111111111111111122222222222111111122221111111111111122222200000000000000000000000
0221111111111111112222111111111111111111112222222221111111222221111111111111122222200000000000000000000000
0221111111111111122222121111111111111111122222222211111112222221111111111111122222200000000000000000000000
0222111111111111122222221111111111112222222222022221222222222222111111111111122222000000000000000000000000
0222111111111111222222211111111111122222222000002222222222222222111111111111122222000000000000000000000000
2221111111111112222222211111111111222222220000002222222222222221111111111111122222000000000000000000000000
2221111111111002222222221111222222222222200000000222222222222221111111111111122222000000000000000000000000
2222111111100220000002222222222222222222000000000020000002222211111111111111122222000000000000000000000000
0222111111022000000002222222222222222220000000000000000002221111111111111111122222000000000000000000000000
0221111110200000000002222222222222222000000000000000000002211111111111111111122222000000000000000000000000
0222122122000000000002222222222222220000000000000000000022221111111111111111122222000000000000000000000000
0022222220000000000000000000000000000000000000000000000022211111111111111111122222000000000000000000000000
0002200000000000000000000000000000000000000000000000000222211111111111111111122222000000000000000000000000
0000000000000000000000000000000000000000000000000000002222211111111111111111122222000000000000000000000000
0000000000000000000000000000000000000000000000000000002222111111111111111111122222000000000000000000000000
0000000000000000000000000000000000000000000000000000002221111111111111111111122222000000000000000000000000
0000000000000000000000000000000000000000000000000000002222111111111111111111122222000000000000000000000000
0000000000000000000000000000000000000000000000000000002222111111111111111111112222000000000000000000000000
0000000000000000000000000000000000000000000000000000002222211111111111111111122222000000000000000000000000
0000000000000000000000000000000000000000000000000000002222222221111111111111122222000000000000000000000000
0000000000000000000000000000000000000000000000000000002222222221111111111111122222000000000000000000000000
0000000000000000000000000000000000000000000000000000000222222221111111111111122222000000000000000000000000
0000000000000000000000000000000000000000000000000000000022222211122111111221122220000000000000000000000000
0000000000000000000000000000000000000000000000000000000002222222222222222222222220000000000000000000000000
0000000000000000000000000000000000000000000000000000000000222222222222222222222200000000000000000000000000
0000000000000000000000000000000000000000000000000000000000222222222222222222220000000000000000000000000000
0000000000000000000000000000000000000000000000000000000000002222222222222222000000000000000000000000000000
